5
11
17
29
37
41
53
59
67
71
79
97
101
107
127
137
149
157
163
173
179
191
197
211
223
227
239
251
257
263
269
277
281
307
311
331
347
367
373
379
397
419
431
439
457
461
479
487
499
521
541
557
563
569
587
593
599
607
613
617
631
641
653
659
673
701
719
727
733
739
751
757
769
787
809
821
827
853
857
877
881
907
929
937
947
967
977
991
997
5
11
17
29
37
41
53
59
67
71
79
97
101
107
127
137
149
157
163
173
179
191
197
211
223
227
239
251
257
263
269
277
281
307
311
331
347
367
373
379
397
419
431
439
457
461
479
487
499
521
541
557
563
569
587
593
599
607
613
617
631
641
653
659
673
701
719
727
733
739
751
757
769
787
809
821
827
853
857
877
881
907
929
937
947
967
977
991
997
5
11
17
29
37
41
53
59
67
71
79
97
101
107
127
137
149
157
163
173
179
191
197
211
223
227
239
251
257
263
269
277
281
307
311
331
347
367
373
379
397
419
431
439
457
461
479
487
499
521
541
557
563
569
587
593
599
607
613
617
631
641
653
659
673
701
719
727
733
739
751
757
769
787
809
821
827
853
857
877
881
907
929
937
947
967
977
991
997
5
7
9
11
13
15
17
23
29
35
41
47
59
67
71
79
97
101
107
121
127
137
149
157
163
167
179
191
197
211
223
227
239
5
7
9
11
13
15
17
23
29
35
41
47
59
67
71
79
97
101
107
121
127
137
149
157
163
167
179
191
197
211
223
227
239
5
7
9
11
13
15
17
23
29
35
41
47
59
67
71
79
97
101
107
121
127
137
149
157
163
167
179
191
197
211
223
227
239
251
257
263
269
277
281
289
307
311
331
347
359
367
373
379
397
419
431
439
457
461
479
487
499
521
541
557
563
569
587
593
599
607
613
617
631
641
653
659
673
701
719
727
733
739
751
757
769
787
809
821
827
839
853
857
877
881
899
1003
931
171
1
11278736
2147414016
0
0
0
0
0
0
0
0
0
0
0
0
0
0
0
0
0
0
0
3432448
4199584
4199584
0
0
2010496299
0
0
3432448
0
0
0
0
0
0
0
0
0
0
562431855
2010496175
-1
2010682068
0
0
4199584
3432448
0
-1114130
2
6422692
6422692
255
1
2
0
0
1048576
42065
0
-285217025
1048576
8192
8192
1513
2147348479
39321601
0
0
0
15
6422684
6422684
6422544
0
0
0
0
6466344
0
0
0
0
0
1769472
33685504
6431912
1050626
0
0
0
0
0
0
0
0
0
0
0
0
0
0
0
0
0
0
0
0
0
0
0
0
0
0
0
0
0
0
0
0
0
0
0
0
0
0
0
0
0
0
0
0
0
0
0
0
0
0
0
0
0
0
0
0
0
0
0
0
0
0
0
0
1
6
675
6
0
0
0
1
1
689
1
0
0
45296
45296
4
1040384
2011286432
-1
0
0
0
33556432
6436024
128
4
0
0
532484
0
0
0
0
0
6466344
0
0
0
0
0
0
0
0
0
0
6456672
0
0
0
0
0
0
0
0
0
0
0
0
0
0
0
0
0
0
0
0
0
0
0
0
0
0
0
0
0
0
0
0
0
0
0
0
0
0
0
0
0
0
0
0
0
0
0
0
0
0
0
0
0
0
0
0
0
0
0
0
0
0
0
0
0
0
0
0
0
0
0
0
0
0
0
0
0
0
0
0
0
0
0
0
0
0
0
0
0
0
0
0
0
0
0
0
0
0
0
0
0
0
0
0
0
0
0
0
0
0
0
0
0
0
5701724
5439575
5439580
5439577
4522068
7602286
7077988
7077988
108
134259800
3801155
5701724
5439575
7536761
6619252
3342445
50
0
0
3801155
5701724
5439575
5439580
5439577
4522068
5701724
7536732
7536761
6619252
5701724
5439575
59
-652317271
201368671
6423968
0
0
0
0
-621625203
1348885193
0
0
0
140
0
0
0
0
0
0
0
0
0
0
0
0
0
0
0
0
0
0
0
0
0
0
0
0
0
0
0
0
0
0
0
0
0
0
0
0
0
0
-903975494
134259786
6423992
6425024
6425240
6454496
6454712
6455248
6455592
177
193
209
225
241
257
273
289
305
321
337
353
369
385
401
417
433
449
465
481
-65114740
134259777
2
2010058936
0
0
0
6424356
6424356
0
0
0
0
0
108
0
0
0
0
0
0
0
0
0
6424640
6424688
6424688
0
1
0
2
0
0
1
0
0
0
0
0
0
0
0
0
0
0
0
0
0
0
0
0
0
0
256
112
0
0
0
0
2010058904
0
2
0
0
0
6424608
6424608
0
2
0
1
12
6424936
6424948
6424984
6425000
116
6424696
6424696
0
0
0
0
0
0
124
2010058904
0
2
0
0
0
0
2
5
7
9
11
13
15
23
29
35
41
59
67
97
121
149
157
163
179
191
211
223
239
251
257
263
277
307
331
347
359
367
373
419
431
457
479
521
541
557
563
587
593
607
613
631
653
701
719
727
733
751
809
821
853
877
1002
931
171
2147414016
0
0
0
0
0
0
0
0
0
0
0
0
0
0
0
0
0
0
0
3432448
4199584
4199584
0
